50
200
36
73
84
84
40
57
5
66
38
44
17
93
56
24
30
71
64
52
51
64
21
50
19
89
6
52
35
95
84
12
98
41
63
68
91
85
45
21
12
35
72
50
86
31
74
86
6
36
55
72
58
86
71
32
46
74
84
66
25
45
34
3
91
74
57
1
33
64
11
40
19
31
55
10
52
6
93
6
87
21
39
61
53
83
51
57
58
43
2
47
89
94
96
22
50
88
88
40
38
89
39
1
86
38
5
82
39
36
72
35
66
55
3
56
90
46
21
68
47
78
42
71
17
24
21
3
36
4
60
65
91
24
65
53
98
72
9
69
52
59
22
29
8
74
5
12
24
75
92
50
15
57
56
7
30
82
52
48
69
49
43
42
81
44
83
45
77
52
4
26
94
12
47
88
74
3
46
32
26
1
63
12
26
70
47
51
88
8
17
2
66
31
3
2
20
21
88
1
33
58
