50
200
51
20
38
32
2
21
37
15
20
38
40
35
85
21
24
80
22
23
91
14
90
98
81
86
5
15
88
60
1
66
73
88
7
96
28
5
36
47
46
77
93
71
43
24
26
16
4
43
75
18
97
6
15
88
29
60
79
24
63
62
6
11
14
65
2
75
60
73
97
9
60
35
75
99
90
19
54
50
78
48
53
65
64
11
7
12
62
94
86
46
8
99
15
1
2
32
68
47
22
41
51
62
22
64
9
19
81
23
28
17
95
67
99
11
65
95
58
66
88
81
13
9
80
6
9
88
29
25
78
9
56
58
26
19
6
60
99
54
68
14
83
57
23
93
64
84
98
18
91
98
14
78
20
98
90
51
98
40
75
69
38
34
5
5
26
43
38
44
20
40
7
67
24
94
33
21
2
39
33
91
31
16
48
71
3
18
44
27
28
72
83
56
49
97
89
60
49
58
35
5
